4.0741738505747127e-01 9.3688936781609211e-01 1.2986137583063940e+01 8.5207060434626428e+01 1.1386009883485990e+03 
8.2703843390804588e-01 2.5192596084770114e+00 2.8630598256779809e+01 2.2745176735362787e+02 2.7764638817096593e+03 
1.3807231800766282e+00 4.9666247605363996e+00 5.2673596518797893e+01 4.8025458357653838e+02 5.6536958654469454e+03 
1.8586161997126431e+00 8.0015984195402226e+00 9.2662602637279960e+01 9.0476028414320695e+02 1.1157579551328457e+04 
2.4071874999999987e+00 1.1312485632183915e+01 1.3593441877693965e+02 1.4113727503142964e+03 1.7576138587425496e+04 
3.5846982758620696e+00 1.6557396431992345e+01 2.1380106392929835e+02 2.2672992847895707e+03 2.8463725044326471e+04 
4.5306342364531993e+00 2.1499666461412151e+01 2.7146297645506195e+02 2.7899386249310478e+03 3.4818033105481292e+04 
6.0159392959770148e+00 2.6215471780711177e+01 3.4695839156227498e+02 3.4282089943370579e+03 4.3246113360909221e+04 
7.8738505747126366e+00 3.1060604745370391e+01 4.2630981414132316e+02 4.0460484503774064e+03 5.1432230523471204e+04 
9.1306232040229958e+00 3.5234078214798863e+01 4.9829994755185913e+02 4.6446268469378565e+03 5.9474973312581373e+04 
