-2.1458333333333335e+00 6.1166666666666663e+00 -1.8988020833333334e+01 6.2351041666666667e+01 -2.1180000000000001e+02 
-1.9395833333333334e+00 5.7697916666666664e+00 -1.7401302083333334e+01 5.7816145833333330e+01 -1.9490312499999999e+02 
-1.8305555555555555e+00 5.4097222222222223e+00 -1.6210763888888888e+01 5.3438715277777774e+01 -1.7980325520833333e+02 
-1.6947916666666667e+00 4.9916666666666663e+00 -1.4591536458333334e+01 4.7963932291666666e+01 -1.5988632812500001e+02 
-1.5974999999999999e+00 4.6441666666666670e+00 -1.3296875000000000e+01 4.3314791666666665e+01 -1.4314648437500000e+02 
-1.4666666666666666e+00 4.3576388888888893e+00 -1.2190451388888889e+01 3.9910243055555554e+01 -1.3127912326388889e+02 
-1.3392857142857142e+00 3.9761904761904763e+00 -1.0865550595238096e+01 3.5302306547619047e+01 -1.1481229538690476e+02 
-1.2135416666666667e+00 3.7289062500000001e+00 -9.8196614583333339e+00 3.2157942708333330e+01 -1.0325496419270833e+02 
-1.0805555555555555e+00 3.4960648148148148e+00 -8.8651620370370363e+00 2.9444733796296298e+01 -9.3397135416666671e+01 
-9.8458333333333337e-01 3.3189583333333332e+00 -8.0779687500000001e+00 2.7178541666666668e+01 -8.4931354166666665e+01 
