-1.6958499999999996e+00 4.9307999999999987e+00 -1.4313449999999989e+01 4.6916087500000010e+01 -1.5564841249999955e+02 
-1.5569500000000001e+00 4.4742500000000005e+00 -1.2704331250000006e+01 4.1175418750000148e+01 -1.3537218437500019e+02 
-1.4409500000000004e+00 4.1174500000000034e+00 -1.1309768750000003e+01 3.6410281250000054e+01 -1.1814065781249990e+02 
-1.3068500000000001e+00 3.7678750000000010e+00 -9.9893187500000060e+00 3.1975025000000059e+01 -1.0221656874999982e+02 
-1.2087000000000001e+00 3.5050999999999997e+00 -8.9735937499999974e+00 2.8682737500000016e+01 -9.0367807812500217e+01 
-1.1151499999999999e+00 3.2188749999999988e+00 -7.9258124999999975e+00 2.5085043750000011e+01 -7.7607767187499562e+01 
-1.0052500000000002e+00 3.0182250000000002e+00 -7.1353875000000038e+00 2.2783987500000009e+01 -6.9275010937500156e+01 
-9.1115000000000013e-01 2.8383000000000007e+00 -6.3689124999999809e+00 2.0568212500000026e+01 -6.1194356250000318e+01 
-8.5920000000000007e-01 2.7173249999999984e+00 -5.8820437500000029e+00 1.8971762499999990e+01 -5.5392084374999932e+01 
-7.8510000000000002e-01 2.5282500000000008e+00 -5.2798687499999826e+00 1.6900668750000023e+01 -4.8539129687499695e+01 
-7.3679999999999990e-01 2.4486999999999988e+00 -4.9377499999999985e+00 1.6036343749999997e+01 -4.5407571874999903e+01 
-6.6054999999999997e-01 2.2833249999999987e+00 -4.3666437500000059e+00 1.4311524999999968e+01 -3.9538606250000150e+01 
-5.9700000000000009e-01 2.2064250000000016e+00 -3.9291687499999921e+00 1.3249974999999999e+01 -3.5314828125000076e+01 
-5.6645000000000001e-01 2.1261749999999995e+00 -3.6625812500000019e+00 1.2373443749999996e+01 -3.2490490625000028e+01 
-5.2709999999999990e-01 2.0944000000000034e+00 -3.4849437499999993e+00 1.2017043750000012e+01 -3.0973298437499974e+01 
-4.5255000000000001e-01 1.9998250000000009e+00 -3.1014687500000035e+00 1.1094056249999960e+01 -2.7696037500000042e+01 
-4.1790000000000005e-01 1.9332750000000001e+00 -2.8388062500000060e+00 1.0351937500000059e+01 -2.5234206250000128e+01 
