6.3410712500000017e+01 -2.1625129375000020e+02 
5.7206493750000064e+01 -1.9368175156250007e+02 
5.1204206250000119e+01 -1.7174571250000042e+02 
4.6929962499999903e+01 -1.5636554062499962e+02 
4.3099056249999926e+01 -1.4224381093749915e+02 
3.8922056250000040e+01 -1.2696697656250008e+02 
3.5472843749999946e+01 -1.1427027031250053e+02 
3.2612224999999889e+01 -1.0469894218750025e+02 
2.9947799999999951e+01 -9.4869860937500306e+01 
2.7969693749999990e+01 -8.7583990625000169e+01 
2.5465256249999932e+01 -7.8782857812499557e+01 
2.3331250000000001e+01 -7.1141539062499973e+01 
2.1794262500000034e+01 -6.5772617187500259e+01 
2.0437806249999905e+01 -6.0834645312500179e+01 
1.9111550000000019e+01 -5.6400201562499618e+01 
1.7375025000000008e+01 -5.0360934374999985e+01 
1.6604243749999995e+01 -4.7065076562499840e+01 
