   9.5910273e-01  -2.8086703e-01  -3.5124586e-02  -1.3832063e-03  -7.2726782e-05
   9.5913407e-01   2.8076628e-01  -3.5074611e-02   1.3774188e-03  -7.1423211e-05
   9.9874322e-01  -4.4712072e-02   2.2607474e-02   1.3091494e-03  -5.1930070e-05
   9.9875572e-01   4.4422197e-02   2.2626796e-02  -1.3032431e-03  -5.4519766e-05
   9.6404986e-01  -2.6423629e-01  -2.8053906e-02  -1.5318922e-04   7.9499066e-05
   9.6401678e-01   2.6435242e-01  -2.8096394e-02   1.6258750e-04   7.7657580e-05
   9.9677586e-01  -7.7754609e-02   1.9684747e-02   2.1478456e-03   8.5970603e-06
   9.9676929e-01   7.7840819e-02   1.9676264e-02  -2.1516694e-03   1.2331477e-05
   9.9605079e-01  -8.6781538e-02   1.8609099e-02   2.3439710e-03   3.6789197e-05
   9.9603460e-01   8.6971857e-02   1.8586515e-02  -2.3496641e-03   3.5706050e-05
