-2.0893500000000000e+00 6.3608250000000019e+00 -1.9997393749999983e+01 6.7587562499999805e+01 -2.3219444999999979e+02 
-2.0415999999999999e+00 5.9863750000000007e+00 -1.8695487500000009e+01 6.2338843749999768e+01 -2.1331795937500061e+02 
-1.9142999999999997e+00 5.6209749999999996e+00 -1.7239418750000006e+01 5.7236175000000095e+01 -1.9464113437500092e+02 
-1.8161500000000002e+00 5.3106750000000016e+00 -1.5966087500000031e+01 5.2766450000000056e+01 -1.7803236875000132e+02 
-1.7310500000000000e+00 5.0102749999999965e+00 -1.4830393749999978e+01 4.8764931250000103e+01 -1.6348350781250022e+02 
-1.6200999999999997e+00 4.7540750000000003e+00 -1.3759768749999994e+01 4.5127000000000109e+01 -1.5000074062500099e+02 
-1.5466000000000000e+00 4.5014500000000002e+00 -1.2855987499999994e+01 4.2010443750000064e+01 -1.3907482656250090e+02 
-1.4642999999999999e+00 4.2560000000000038e+00 -1.1886443750000023e+01 3.8653868750000001e+01 -1.2661838906250037e+02 
-1.4109000000000000e+00 4.0622000000000043e+00 -1.1190193750000017e+01 3.6166737500000011e+01 -1.1775903593749972e+02 
-1.3478500000000000e+00 3.8973749999999989e+00 -1.0444424999999997e+01 3.3664775000000013e+01 -1.0822550468749982e+02 
-1.2774000000000001e+00 3.7029000000000014e+00 -9.7578062500000087e+00 3.1359337499999953e+01 -1.0014274374999988e+02 
-1.2017999999999998e+00 3.4982499999999992e+00 -8.9634000000000142e+00 2.8837474999999944e+01 -9.1064264062500172e+01 
-1.1405000000000001e+00 3.3677500000000005e+00 -8.5174562499999844e+00 2.7395081250000057e+01 -8.6014345312499984e+01 
-1.0988499999999999e+00 3.2104750000000002e+00 -7.9252937499999794e+00 2.5281168750000013e+01 -7.8609793750000151e+01 
-1.0565000000000000e+00 3.0809249999999992e+00 -7.5038937499999925e+00 2.3797312499999858e+01 -7.3480473437500464e+01 
-9.9875000000000003e-01 2.9871750000000001e+00 -7.0878812500000086e+00 2.2664418750000081e+01 -6.9277042187500356e+01 
-9.3435000000000001e-01 2.8520250000000011e+00 -6.5685187500000088e+00 2.1021987499999973e+01 -6.3553774999999703e+01 
