   0.0000000e+00   1.9778498e-01
   2.9885898e-01   0.0000000e+00
   0.0000000e+00   2.8462132e-01
   6.0132673e-01   0.0000000e+00
   2.8228437e-01   0.0000000e+00
   0.0000000e+00   3.8965821e-01
   0.0000000e+00   4.3181833e-01
   0.0000000e+00   3.6823514e-02
   3.4171462e-01   0.0000000e+00
   0.0000000e+00   4.1915404e-01
   1.6838078e-01   0.0000000e+00
   0.0000000e+00   5.3137011e-01
   0.0000000e+00   2.8665475e-01
   2.0512720e-01   0.0000000e+00
   2.5928040e-01   0.0000000e+00
   4.6365994e-01   0.0000000e+00
