   9.5900809e-01  -2.8086579e-01  -3.7608360e-02  -1.8723841e-03  -7.6383247e-05  -6.1490460e-06
   9.5904048e-01   2.8076186e-01  -3.7558638e-02   1.8664798e-03  -7.4853141e-05   1.4332131e-06
   9.9879834e-01  -4.4715923e-02   2.0020770e-02   1.2314771e-03  -7.6872765e-05   7.9624016e-06
   9.9881105e-01   4.4422761e-02   2.0040041e-02  -1.2256623e-03  -7.8147632e-05   6.3313483e-06
   9.6397354e-01  -2.6423722e-01  -3.0550466e-02  -6.1333073e-04   7.5221645e-05   7.6852192e-06
   9.6394122e-01   2.6435014e-01  -3.0593025e-02   6.2307815e-04   7.3131693e-05  -1.4298441e-06
   9.9682337e-01  -7.7759868e-02   1.7103180e-02   2.0126116e-03  -1.4054057e-05  -1.5432016e-05
   9.9681704e-01   7.7842813e-02   1.7094680e-02  -2.0158774e-03  -1.1372712e-05  -4.9527628e-06
   9.9609550e-01  -8.6787124e-02   1.6029423e-02   2.1930074e-03   1.2386868e-05   1.9022364e-06
   9.9607954e-01   8.6974182e-02   1.6006844e-02  -2.1979903e-03   1.2180802e-05   3.5332824e-06
   9.9375770e-01  -1.1081768e-01   1.2586084e-02   2.5811534e-03   7.9604273e-05   2.2767728e-06
   9.9375596e-01   1.1083335e-01   1.2584787e-02  -2.5825622e-03   7.9129225e-05  -3.1607840e-06
