-1.9666666666666666e+00 5.8854166666666670e+00 -1.8593229166666667e+01 
-2.1166666666666667e+00 6.0520833333333330e+00 -1.8614062499999999e+01 
-1.6666666666666667e+00 4.5583333333333336e+00 -1.3577083333333333e+01 
-1.5958333333333334e+00 4.5020833333333332e+00 -1.2838541666666666e+01 
-1.0791666666666666e+00 3.4375000000000000e+00 -8.9651041666666664e+00 
-9.3333333333333335e-01 3.1687500000000002e+00 -7.0333333333333332e+00 
-6.3749999999999996e-01 2.1395833333333334e+00 -4.1359374999999998e+00 
-1.7749999999999999e+00 5.2125000000000004e+00 -1.5710416666666667e+01 
-1.2583333333333333e+00 4.1020833333333337e+00 -1.0702083333333333e+01 
-1.0083333333333333e+00 2.9541666666666666e+00 -6.9854166666666666e+00 
-3.3333333333333331e-01 1.6395833333333334e+00 -2.2078125000000002e+00 
-2.5000000000000000e-01 1.8104166666666666e+00 -2.3807291666666668e+00 
 1.2500000000000001e-02 1.6958333333333333e+00 -1.0598958333333333e+00 
-2.0000000000000001e-01 1.9520833333333334e+00 -1.7937500000000000e+00 
-1.6583333333333334e+00 4.9625000000000004e+00 -1.3842187500000000e+01 
-8.5416666666666663e-01 3.0437500000000002e+00 -6.4380208333333337e+00 
-4.3333333333333335e-01 2.1625000000000001e+00 -3.3848958333333332e+00 
-4.1666666666666664e-02 1.2812500000000000e+00 -1.5937499999999999e-01 
 7.4999999999999997e-02 1.4479166666666667e+00 -3.9635416666666667e-01 
 4.5833333333333330e-02 1.3562500000000000e+00 -1.6822916666666668e-01 