   0.0000000e+00   1.6230181e-09   2.3970595e-04   2.5329178e-04   5.1066127e-04   5.3365711e-04   2.3740110e-03   2.4356789e-03   4.4888732e-03   4.5854426e-03   8.2047580e-03   8.3454586e-03   1.9904199e-02   2.0163724e-02   3.3048608e-02   3.3417728e-02
   0.0000000e+00  -1.6230181e-09   2.2635723e-04   2.3943853e-04   4.8846653e-04   5.1079605e-04   2.3118212e-03   2.3724119e-03   4.3936177e-03   4.4888210e-03   8.0621732e-03   8.2012436e-03   1.9646384e-02   1.9903669e-02   3.2686860e-02   3.3053286e-02
   0.0000000e+00   0.0000000e+00  -4.6606318e-04   1.5291446e-09   5.6501704e-06   6.8516106e-06   3.6219723e-04   3.7993652e-04   1.0876717e-03   1.1253659e-03   2.7189515e-03   2.7865001e-03   9.1147126e-03   9.2690969e-03   1.7332070e-02   1.7572332e-02
   0.0000000e+00   0.0000000e+00   0.0000000e+00  -4.9273185e-04   4.6231383e-06   5.6789028e-06   3.4491780e-04   3.6209282e-04   1.0515255e-03   1.0883848e-03   2.6521763e-03   2.7186189e-03   8.9647320e-03   9.1174227e-03   1.7101624e-02   1.7339756e-02
   0.0000000e+00   0.0000000e+00   0.0000000e+00   0.0000000e+00  -1.0094011e-03   1.6523248e-09   1.5288447e-04   1.6291964e-04   6.1477466e-04   6.4060453e-04   1.8052304e-03   1.8567007e-03   6.9763505e-03   7.1055974e-03   1.3994146e-02   1.4202545e-02
   0.0000000e+00   0.0000000e+00   0.0000000e+00   0.0000000e+00   0.0000000e+00  -1.0569853e-03   1.4296646e-04   1.5256740e-04   5.8948684e-04   6.1460831e-04   1.7531567e-03   1.8036371e-03   6.8476594e-03   6.9753167e-03   1.3789194e-02   1.3995559e-02
   0.0000000e+00   0.0000000e+00   0.0000000e+00   0.0000000e+00   0.0000000e+00   0.0000000e+00  -5.6887981e-03   1.5020299e-09   3.1430684e-05   3.5072283e-05   3.1847769e-04   3.3478725e-04   2.6056319e-03   2.6728227e-03   6.5927759e-03   6.7191297e-03
   0.0000000e+00   0.0000000e+00   0.0000000e+00   0.0000000e+00   0.0000000e+00   0.0000000e+00   0.0000000e+00  -5.8656087e-03   2.8131591e-05   3.1518369e-05   3.0272227e-04   3.1849388e-04   2.5411156e-03   2.6071973e-03   6.4727142e-03   6.5975341e-03
   0.0000000e+00   0.0000000e+00   0.0000000e+00   0.0000000e+00   0.0000000e+00   0.0000000e+00   0.0000000e+00   0.0000000e+00  -1.2285512e-02   1.6203729e-09   4.9559413e-05   5.4345942e-05   1.1926174e-03   1.2326241e-03   3.7928154e-03   3.8803286e-03
   0.0000000e+00   0.0000000e+00   0.0000000e+00   0.0000000e+00   0.0000000e+00   0.0000000e+00   0.0000000e+00   0.0000000e+00   0.0000000e+00  -1.2609819e-02   4.4955619e-05   4.9445508e-05   1.1534274e-03   1.1925577e-03   3.7077618e-03   3.7939668e-03
   0.0000000e+00   0.0000000e+00   0.0000000e+00   0.0000000e+00   0.0000000e+00   0.0000000e+00   0.0000000e+00   0.0000000e+00   0.0000000e+00   0.0000000e+00  -2.5912161e-02   1.5065893e-09   3.3303879e-04   3.5023089e-04   1.6944748e-03   1.7457382e-03
   0.0000000e+00   0.0000000e+00   0.0000000e+00   0.0000000e+00   0.0000000e+00   0.0000000e+00   0.0000000e+00   0.0000000e+00   0.0000000e+00   0.0000000e+00   0.0000000e+00  -2.6469233e-02   3.1678653e-04   3.3341937e-04   1.6460620e-03   1.6963492e-03
   0.0000000e+00   0.0000000e+00   0.0000000e+00   0.0000000e+00   0.0000000e+00   0.0000000e+00   0.0000000e+00   0.0000000e+00   0.0000000e+00   0.0000000e+00   0.0000000e+00   0.0000000e+00  -7.9596655e-02   1.6130629e-09   1.2427526e-04   1.3338201e-04
   0.0000000e+00   0.0000000e+00   0.0000000e+00   0.0000000e+00   0.0000000e+00   0.0000000e+00   0.0000000e+00   0.0000000e+00   0.0000000e+00   0.0000000e+00   0.0000000e+00   0.0000000e+00   0.0000000e+00  -8.0923680e-02   1.1571773e-04   1.2440641e-04
   0.0000000e+00   0.0000000e+00   0.0000000e+00   0.0000000e+00   0.0000000e+00   0.0000000e+00   0.0000000e+00   0.0000000e+00   0.0000000e+00   0.0000000e+00   0.0000000e+00   0.0000000e+00   0.0000000e+00   0.0000000e+00  -1.5209910e-01   1.6865636e-09
   0.0000000e+00   0.0000000e+00   0.0000000e+00   0.0000000e+00   0.0000000e+00   0.0000000e+00   0.0000000e+00   0.0000000e+00   0.0000000e+00   0.0000000e+00   0.0000000e+00   0.0000000e+00   0.0000000e+00   0.0000000e+00   0.0000000e+00  -1.5427204e-01