-2.1458333333333335e+00 6.0229166666666663e+00 -1.8892187499999999e+01 
-1.7291666666666667e+00 5.4291666666666663e+00 -1.5529166666666667e+01 
-1.6583333333333334e+00 4.5000000000000000e+00 -1.3054166666666667e+01 
-1.3541666666666667e+00 4.1437499999999998e+00 -1.1642708333333333e+01 
-9.7916666666666663e-01 3.1791666666666667e+00 -7.5484375000000004e+00 
-9.4583333333333330e-01 2.6770833333333335e+00 -5.4098958333333336e+00 
-4.2499999999999999e-01 2.0687500000000001e+00 -3.3385416666666665e+00 
-1.5791666666666666e+00 4.8395833333333336e+00 -1.3978645833333333e+01 
-1.1625000000000001e+00 3.5874999999999999e+00 -9.4380208333333329e+00 
-5.5000000000000004e-01 2.1604166666666669e+00 -4.0494791666666670e+00 
-2.4583333333333332e-01 1.5229166666666667e+00 -1.2520833333333334e+00 
-2.0416666666666666e-01 1.7375000000000000e+00 -1.4213541666666667e+00 
 3.7499999999999999e-02 1.7250000000000001e+00 -1.3239583333333333e+00 
 0.0000000000000000e+00 1.4729166666666667e+00 -5.4895833333333333e-01 
-1.3625000000000000e+00 4.1020833333333337e+00 -1.1565104166666666e+01 
-6.8750000000000000e-01 2.2124999999999999e+00 -4.3270833333333334e+00 
 2.5000000000000001e-02 1.4354166666666666e+00 -4.2656250000000001e-01 
-4.5833333333333330e-02 1.2937500000000000e+00 -6.4635416666666667e-01 
-2.2916666666666666e-01 1.3562500000000000e+00 -1.3843749999999999e+00 
 1.1666666666666667e-01 1.0958333333333334e+00  5.4583333333333328e-01 