   9.5905411e-01  -2.8087641e-01  -3.6274398e-02  -2.7912391e-03  -1.5849064e-04  -5.7294199e-06  -1.1746412e-05  -2.3801395e-06
   9.5909794e-01   2.8073601e-01  -3.6202933e-02   2.7842369e-03  -1.5818569e-04   1.3043137e-06   5.3912384e-07   1.0706907e-06
   9.9876837e-01  -4.4740998e-02   2.1419587e-02   1.0845980e-03  -1.2331694e-04  -3.2399804e-06  -3.2031858e-07   1.2661620e-06
   9.9878287e-01   4.4405244e-02   2.1442306e-02  -1.0810159e-03  -1.2350670e-04  -4.5599520e-06   6.8717366e-06   1.0028568e-06
   9.6401002e-01  -2.6425242e-01  -2.9209005e-02  -1.4777569e-03  -2.9051697e-06   5.9893636e-06   1.1574002e-05   1.4025062e-06
   9.6398859e-01   2.6432807e-01  -2.9231197e-02   1.4871695e-03  -3.0969314e-06   7.2266680e-06   2.1459313e-06   5.0768031e-06
   9.9679682e-01  -7.7787167e-02   1.8497914e-02   1.7576817e-03  -5.9543614e-05  -5.0223549e-06  -1.6287511e-05  -8.1266747e-06
   9.9679368e-01   7.7827855e-02   1.8495395e-02  -1.7619091e-03  -5.9331089e-05   1.9133528e-06   7.5619860e-06   9.5303565e-06
   9.9607027e-01  -8.6814909e-02   1.7422777e-02   1.9085534e-03  -3.6840007e-05  -2.9828679e-07  -7.5847463e-06  -8.6526009e-07
   9.9605789e-01   8.6959828e-02   1.7406859e-02  -1.9141682e-03  -3.5006672e-05  -1.1158138e-05   1.1048678e-05  -4.2184891e-06
   9.9373681e-01  -1.1084642e-01   1.3975192e-02   2.2181358e-03   2.6435496e-05   1.6234292e-05   1.0188460e-05  -1.5137720e-05
   9.9373961e-01   1.1082030e-01   1.3982428e-02  -2.2207404e-03   2.7541496e-05   1.1333094e-05  -2.5025241e-06   6.0926322e-06
   9.7545532e-01  -2.1982614e-01  -1.2744706e-02   9.5837159e-04   1.9750224e-04   4.2375435e-06   5.5989063e-06  -2.8183403e-06
   9.7542452e-01   2.1996059e-01  -1.2782617e-02  -9.5147897e-04   1.9620943e-04  -2.3229467e-05   4.0140867e-07  -1.2297910e-05
   9.8719931e-01  -1.5941510e-01   4.3609264e-03   2.3035404e-03   1.5663910e-04  -1.2374103e-05  -1.8356354e-06   2.0482919e-05
   9.8718135e-01   1.5952686e-01   4.3391977e-03  -2.3039787e-03   1.5576334e-04   1.7373039e-05  -1.5653099e-05  -8.0387179e-08
