   1.0000000e-08   4.0947010e-11
   2.6366509e-08   6.0958543e-11
   6.9519280e-08   2.0023805e-10
   1.8329807e-07   1.1694959e-09
   4.8329302e-07   7.9097722e-09
   1.2742750e-06   5.4757516e-08
   3.3598183e-06   3.8015082e-07
   8.8586679e-06   2.6369792e-06
   2.3357215e-05   1.8230078e-05
   6.1584821e-05   1.2489090e-04
   1.6237767e-04   8.3551980e-04
   4.2813324e-04   5.2577097e-03
   1.1288379e-03   2.8465505e-02
   2.9763514e-03   1.1206600e-01
   7.8475997e-03   2.7455679e-01
   2.0691381e-02   4.4007304e-01
   5.4555948e-02   5.5283592e-01
   1.4384499e-01   6.0069070e-01
   3.7926902e-01   6.0410972e-01
   1.0000000e+00   5.7826414e-01
