   1.0000000e-07   3.8189253e-11   1.9152160e-09   1.3333332e-07   7.3013063e-11
   5.0000000e-06   1.7988380e-08   4.6744359e-06   6.6666222e-06   1.4078167e-10
   1.0000000e-04   1.1654588e-04   1.7353021e-03   1.3331556e-04   6.3429535e-07
   3.7275937e-04   3.5831536e-03   1.9600979e-02   4.9676557e-04   3.0679336e-05
   1.3894955e-03   4.8568441e-02   1.3979074e-01   1.8492331e-03   1.1351891e-03
   5.1794747e-03   2.1933394e-01   4.1624299e-01   6.8585198e-03   2.1129420e-02
   1.9306977e-02   4.3362214e-01   5.7662017e-01   2.5092544e-02   1.1908832e-01
   7.1968567e-02   5.5495131e-01   6.0101841e-01   8.7375044e-02   2.6513821e-01
   2.6826958e-01   5.8584195e-01   5.6166410e-01   2.5766351e-01   3.9298661e-01
   1.0000000e+00   5.6958872e-01   5.2280240e-01   4.9337147e-01   5.0917144e-01
