-1.6833333333333333e+00 4.6541666666666668e+00 -1.4006250000000000e+01 
-1.3166666666666667e+00 4.2208333333333332e+00 -1.1738541666666666e+01 
-1.3625000000000000e+00 4.0229166666666663e+00 -1.1160937499999999e+01 
-1.2875000000000001e+00 3.5291666666666668e+00 -1.0359375000000000e+01 
-1.2124999999999999e+00 3.4500000000000002e+00 -8.9979166666666668e+00 
-8.8333333333333330e-01 3.0249999999999999e+00 -6.7088541666666668e+00 
-6.7083333333333328e-01 2.5604166666666668e+00 -5.5270833333333336e+00
-1.4125000000000001e+00 3.8104166666666668e+00 -1.1455208333333333e+01 
-9.9166666666666670e-01 3.2270833333333333e+00 -7.8911458333333337e+00 
-6.8750000000000000e-01 2.6062500000000002e+00 -5.0510416666666664e+00 
-5.3333333333333333e-01 2.1124999999999998e+00 -3.6328125000000000e+00 
-6.6666666666666666e-02 1.4770833333333333e+00 -8.8177083333333328e-01 
 8.3333333333333332e-03 1.5979166666666667e+00 -9.7656250000000000e-01 
-4.5833333333333330e-02 1.6062500000000000e+00 -1.1718750000000000e+00
-1.2749999999999999e+00 3.6833333333333331e+00 -9.2151041666666664e+00 
-5.5833333333333335e-01 2.3666666666666667e+00 -4.1250000000000000e+00 
-1.5416666666666667e-01 1.8479166666666667e+00 -1.8812500000000001e+00 
 1.5416666666666667e-01 1.6041666666666667e+00 -1.2968750000000001e-01 
 9.1666666666666660e-02 1.2104166666666667e+00 -4.6354166666666669e-01 
 3.7499999999999999e-02 1.2770833333333333e+00 -1.4687500000000001e-01 
