-1.8958333333333333e+00 5.2895833333333337e+00 -1.6339583333333334e+01 
-1.7124999999999999e+00 4.8687500000000004e+00 -1.4653645833333334e+01 
-1.3416666666666666e+00 4.0979166666666664e+00 -1.0939583333333333e+01 
-1.2291666666666667e+00 3.0583333333333331e+00 -8.3661458333333325e+00 
-7.3333333333333328e-01 2.6354166666666665e+00 -5.3296875000000004e+00 
-7.7500000000000002e-01 2.1208333333333331e+00 -4.0640625000000004e+00 
-1.1250000000000000e-01 1.5166666666666666e+00 -1.3359375000000000e+00 
-1.4208333333333334e+00 4.0374999999999996e+00 -1.1435416666666667e+01 
-1.0041666666666667e+00 3.1291666666666669e+00 -7.5994791666666668e+00 
-3.5416666666666669e-01 2.2895833333333333e+00 -3.2510416666666666e+00 
-1.0000000000000001e-01 1.5562499999999999e+00 -1.4635416666666667e+00 
 6.2500000000000000e-02 1.3291666666666666e+00 -6.8541666666666667e-01 
-3.3333333333333333e-02 1.5354166666666667e+00 -1.2124999999999999e+00 
-3.3333333333333333e-02 1.6375000000000000e+00 -8.5624999999999996e-01
-1.3583333333333334e+00 3.7749999999999999e+00 -9.6958333333333329e+00 
-3.4583333333333333e-01 1.7854166666666667e+00 -2.4296875000000000e+00 
-3.0416666666666664e-01 1.5020833333333334e+00 -1.4536458333333333e+00 
 2.5000000000000001e-02 1.6125000000000000e+00 -8.7864583333333335e-01 
-2.2916666666666666e-01 1.4916666666666667e+00 -1.0906250000000000e+00 