5.4777343750000043e+01 -1.8463049374999952e+02 
4.8402306250000002e+01 -1.6125970156249988e+02 
4.3432168750000088e+01 -1.4318146406250042e+02 
3.8526068749999958e+01 -1.2571354062500016e+02 
3.5203225000000018e+01 -1.1357326875000059e+02 
3.1642262500000065e+01 -1.0103675937500030e+02 
2.8791600000000063e+01 -9.0482135937500459e+01 
2.5919993749999954e+01 -8.0730129687500607e+01 
2.3818306249999932e+01 -7.2942193750000015e+01 
2.1297043749999972e+01 -6.3994464062499887e+01 
1.9761081250000093e+01 -5.8512435937499959e+01 
1.8185556249999987e+01 -5.2905981249999940e+01 
1.6788481249999972e+01 -4.8034482812499853e+01 
1.5631737500000064e+01 -4.3794385937500152e+01 
1.4721962499999954e+01 -4.0713135937500098e+01 
1.3596681249999982e+01 -3.6477645312500059e+01 
1.2688287499999978e+01 -3.2996026562499623e+01 
