        1/T2            5/2             3/2          2 (NO EC)          6
        
   1.0000000e-07   3.8189253e-11   1.9152160e-09   1.3333332e-07   7.3013063e-11
   5.0000000e-06   1.7988380e-08   4.6744359e-06   6.6666222e-06   1.4078167e-10
   1.0000000e-04   1.1654588e-04   1.7353021e-03   1.3331556e-04   6.3429535e-07
   3.7275937e-04   3.5831536e-03   1.9600979e-02   4.9676557e-04   3.0679336e-05
   1.3894955e-03   4.8568441e-02   1.3979074e-01   1.8492331e-03   1.1351891e-03
   5.1794747e-03   2.1933394e-01   4.1624299e-01   6.8585198e-03   2.1129420e-02
   1.9306977e-02   4.3362214e-01   5.7662017e-01   2.5092544e-02   1.1908832e-01
   7.1968567e-02   5.5495131e-01   6.0101841e-01   8.7375044e-02   2.6513821e-01
   2.6826958e-01   5.8584195e-01   5.6166410e-01   2.5766351e-01   3.9298661e-01
   1.0000000e+00   5.6958872e-01   5.2280240e-01   4.9337147e-01   5.0917144e-01
   
   
         1/T2           4
   
   1.0000000e-08   4.0947010e-11
   2.6366509e-08   6.0958543e-11
   6.9519280e-08   2.0023805e-10
   1.8329807e-07   1.1694959e-09
   4.8329302e-07   7.9097722e-09
   1.2742750e-06   5.4757516e-08
   3.3598183e-06   3.8015082e-07
   8.8586679e-06   2.6369792e-06
   2.3357215e-05   1.8230078e-05
   6.1584821e-05   1.2489090e-04
   1.6237767e-04   8.3551980e-04
   4.2813324e-04   5.2577097e-03
   1.1288379e-03   2.8465505e-02
   2.9763514e-03   1.1206600e-01
   7.8475997e-03   2.7455679e-01
   2.0691381e-02   4.4007304e-01
   5.4555948e-02   5.5283592e-01
   1.4384499e-01   6.0069070e-01
   3.7926902e-01   6.0410972e-01
   1.0000000e+00   5.7826414e-01
