-1.8840500000000002e+00 5.5170500000000020e+00 -1.6637537499999983e+01 5.4915893749999960e+01 -1.8511117031250032e+02 
-1.7289500000000000e+00 5.0337999999999994e+00 -1.4737256249999986e+01 4.8315912500000202e+01 -1.6091355781249942e+02 
-1.6204500000000004e+00 4.6532750000000016e+00 -1.3323362499999979e+01 4.3311106250000243e+01 -1.4291532656250018e+02 
-1.5119999999999998e+00 4.3484499999999962e+00 -1.2114943749999970e+01 3.9097325000000119e+01 -1.2753237187500007e+02 
-1.3899500000000000e+00 3.9840499999999990e+00 -1.0855031250000003e+01 3.4867474999999899e+01 -1.1277159374999995e+02 
-1.2874499999999995e+00 3.7303749999999987e+00 -9.8270875000000206e+00 3.1476293749999922e+01 -1.0032278437499987e+02 
-1.2034999999999998e+00 3.4791249999999985e+00 -8.8545437500000030e+00 2.8246481250000024e+01 -8.8583056250000354e+01 
-1.1234999999999999e+00 3.2812999999999999e+00 -8.1467187500000087e+00 2.5970843749999997e+01 -8.0564057812500366e+01 
-1.0208999999999999e+00 3.0623750000000021e+00 -7.3047250000000048e+00 2.3344562499999970e+01 -7.1263992187500435e+01 
-9.6465000000000012e-01 2.9585000000000004e+00 -6.8096874999999928e+00 2.1881899999999952e+01 -6.5728014062500009e+01 
-8.8545000000000007e-01 2.7865499999999992e+00 -6.1488999999999923e+00 1.9849999999999969e+01 -5.8637765624999915e+01 
-8.0025000000000002e-01 2.5992499999999987e+00 -5.4872937500000063e+00 1.7747481250000039e+01 -5.1456743749999809e+01 
-7.5965000000000016e-01 2.5367999999999999e+00 -5.1645187500000009e+00 1.6903562499999950e+01 -4.8048799999999851e+01 
-6.9085000000000008e-01 2.3835249999999997e+00 -4.7044187500000003e+00 1.5487474999999979e+01 -4.3511153125000014e+01 
-6.6015000000000001e-01 2.3439749999999986e+00 -4.4039000000000090e+00 1.4679524999999970e+01 -4.0108132812499754e+01 
-6.0689999999999988e-01 2.2405999999999957e+00 -4.0974125000000061e+00 1.3833574999999977e+01 -3.7550418750000006e+01 
-5.9789999999999999e-01 2.1704500000000033e+00 -3.9004437500000044e+00 1.2952237500000043e+01 -3.4597945312500130e+01 
