-1.5055999999999998e+00 4.4106500000000004e+00 -1.2802949999999989e+01 4.3033693749999962e+01 -1.4552070781249975e+02 
-1.4614000000000000e+00 4.2671500000000000e+00 -1.2310631250000020e+01 4.1139387500000012e+01 -1.3861540312499926e+02 
-1.4216500000000003e+00 4.0994499999999983e+00 -1.1668568749999995e+01 3.8615087499999881e+01 -1.2947561406250043e+02 
-1.3430500000000001e+00 3.9080500000000029e+00 -1.0882168749999986e+01 3.6069362500000061e+01 -1.1995061875000047e+02 
-1.3066000000000000e+00 3.8050000000000055e+00 -1.0445162499999993e+01 3.4503406250000054e+01 -1.1402969218750026e+02 
-1.2878500000000002e+00 3.6884250000000010e+00 -9.9452187500000218e+00 3.2622412499999967e+01 -1.0689519843750020e+02 
-1.1924000000000003e+00 3.5071750000000010e+00 -9.2891812500000022e+00 3.0590487499999973e+01 -9.9811743750000460e+01 
-1.1625999999999999e+00 3.4417499999999985e+00 -8.9280937499999951e+00 2.9345268750000006e+01 -9.4726359374999916e+01 
-1.1274499999999998e+00 3.3211249999999994e+00 -8.5845999999999929e+00 2.8056681250000022e+01 -9.0406620312500124e+01 
-1.0680500000000002e+00 3.2098999999999949e+00 -8.0031624999999877e+00 2.6199412499999983e+01 -8.3023212499999730e+01 
-1.0609000000000000e+00 3.1111000000000009e+00 -7.7281187499999886e+00 2.5018299999999968e+01 -7.9068450000000098e+01 
-1.0205999999999997e+00 3.0345500000000030e+00 -7.4130499999999993e+00 2.3970324999999939e+01 -7.5270209375000036e+01 
-9.7194999999999987e-01 2.9437250000000001e+00 -7.0908875000000018e+00 2.2941637500000063e+01 -7.1524498437499673e+01 
-9.1584999999999994e-01 2.8211249999999990e+00 -6.5358749999999937e+00 2.1272718750000021e+01 -6.5376431250000081e+01 
-8.9000000000000001e-01 2.7805750000000011e+00 -6.3747312500000071e+00 2.0794218749999953e+01 -6.3469149999999900e+01 
-8.5755000000000003e-01 2.6979749999999987e+00 -6.0169062499999928e+00 1.9680299999999995e+01 -5.9382284375000239e+01 
-8.5165000000000002e-01 2.6583500000000018e+00 -5.9203562500000100e+00 1.9138543749999997e+01 -5.7443539062499987e+01 
