-2.0698500000000002e+00 6.1413999999999946e+00 -1.9082400000000007e+01 6.3715274999999870e+01 -2.1728422031249997e+02 
-1.9298000000000000e+00 5.6673500000000034e+00 -1.7267356250000010e+01 5.7255818749999882e+01 -1.9394400312500025e+02 
-1.7974500000000002e+00 5.2675499999999973e+00 -1.5657581250000010e+01 5.1572756249999877e+01 -1.7293510312499996e+02 
-1.6889000000000003e+00 4.9088749999999939e+00 -1.4309850000000008e+01 4.6892862500000007e+01 -1.5612107187500084e+02 
-1.6013499999999998e+00 4.5886500000000039e+00 -1.3149143750000009e+01 4.2628525000000224e+01 -1.4077802499999942e+02 
-1.5064500000000003e+00 4.3407500000000043e+00 -1.2150862500000020e+01 3.9290799999999940e+01 -1.2847190468750009e+02 
-1.3996000000000000e+00 4.0243000000000029e+00 -1.0957187500000007e+01 3.5310006250000001e+01 -1.1421734374999976e+02 
-1.3432000000000002e+00 3.8311000000000042e+00 -1.0272012500000002e+01 3.2910718749999887e+01 -1.0567205781250019e+02 
-1.2279499999999999e+00 3.6070999999999986e+00 -9.2997437499999833e+00 2.9929362499999932e+01 -9.4834825000000507e+01 
-1.1559500000000000e+00 3.3805499999999973e+00 -8.5039375000000010e+00 2.7288887499999976e+01 -8.5439615625000215e+01 
-1.1187499999999999e+00 3.2994250000000043e+00 -8.1300749999999944e+00 2.5960037499999927e+01 -8.0426456249999760e+01 
-1.0466500000000001e+00 3.0590750000000000e+00 -7.3665624999999917e+00 2.3321081249999988e+01 -7.1469564062500226e+01 
-9.5979999999999999e-01 2.9282499999999994e+00 -6.7223749999999978e+00 2.1479956250000015e+01 -6.4414195312500013e+01 
-9.1319999999999990e-01 2.8052749999999969e+00 -6.2780312500000024e+00 2.0087793749999996e+01 -5.9593289062499778e+01 
-8.2994999999999997e-01 2.6845000000000008e+00 -5.7442125000000059e+00 1.8631937499999879e+01 -5.4324042187500048e+01 
-7.9744999999999999e-01 2.5932250000000017e+00 -5.4535687500000050e+00 1.7635600000000039e+01 -5.0947553124999899e+01 
-7.6735000000000009e-01 2.4819250000000022e+00 -5.0814874999999926e+00 1.6456624999999992e+01 -4.6823482812500082e+01 
